0.012383 0.000118 0.034973 0.000000 0.000000 0.000000 0.000000 0.000000 0.000000
39.993984 0.006355 -0.002522 0.000000 0.000000 0.000000 0.000000 0.000000 0.000000
79.987659 0.000061 -0.085092 0.000000 0.000000 0.000000 0.000000 0.000000 0.000000
119.987628 0.000062 -0.202544 0.000000 0.000000 0.000000 0.000000 0.000000 0.000000
159.987640 0.000050 -0.262599 0.000000 0.000000 0.000000 0.000000 0.000000 0.000000
199.993839 -0.006203 -0.312520 0.000000 0.000000 0.000000 0.000000 0.000000 0.000000
239.993958 -0.006275 -0.365063 0.000000 0.000000 0.000000 0.000000 0.000000 0.000000
240.006366 39.993934 -0.332510 0.000000 0.000000 0.000000 0.000000 0.000000 0.000000
200.012524 40.000004 -0.240059 0.000000 0.000000 0.000000 0.000000 0.000000 0.000000
160.012459 40.000027 -0.200058 0.000000 0.000000 0.000000 0.000000 0.000000 0.000000
120.006107 39.993851 -0.175066 0.000000 0.000000 0.000000 0.000000 0.000000 0.000000
80.006264 40.006298 -0.105043 0.000000 0.000000 0.000000 0.000000 0.000000 0.000000
40.006226 39.993748 -0.065066 0.000000 0.000000 0.000000 0.000000 0.000000 0.000000
0.006157 40.006374 -0.047571 0.000000 0.000000 0.000000 0.000000 0.000000 0.000000
0.000084 79.987606 -0.102590 0.000000 0.000000 0.000000 0.000000 0.000000 0.000000
39.987709 80.000042 -0.090081 0.000000 0.000000 0.000000 0.000000 0.000000 0.000000
80.000118 80.000008 -0.125028 0.000000 0.000000 0.000000 0.000000 0.000000 0.000000
119.993961 79.993706 -0.162552 0.000000 0.000000 0.000000 0.000000 0.000000 0.000000
159.987577 80.000013 -0.175070 0.000000 0.000000 0.000000 0.000000 0.000000 0.000000
199.993861 79.993753 -0.240026 0.000000 0.000000 0.000000 0.000000 0.000000 0.000000
240.000235 80.000010 -0.325035 0.000000 0.000000 0.000000 0.000000 0.000000 0.000000
240.000042 119.987602 -0.277530 0.000000 0.000000 0.000000 0.000000 0.000000 0.000000
119.994015 240.006302 -0.075081 0.000000 0.000000 0.000000 0.000000 0.000000 0.000000
179.994026 239.993816 -0.147522 0.000000 0.000000 0.000000 0.000000 0.000000 0.000000
239.987644 240.000046 -0.257559 0.000000 0.000000 0.000000 0.000000 0.000000 0.000000
