-0.006271 -0.000023 0.036420 -3043.130131 0.000000 0.000000 0.000000 0.000000 0.000000
29.993927 -0.000038 0.263945 -3043.130131 0.000000 0.000000 0.000000 0.000000 0.000000
59.993912 0.000008 0.501489 -3043.130131 0.000000 0.000000 0.000000 0.000000 0.000000
89.993942 0.000069 0.588957 -3043.130131 0.000000 0.000000 0.000000 0.000000 0.000000
119.993904 0.000000 0.493966 -3043.130131 0.000000 0.000000 0.000000 0.000000 0.000000
120.000069 29.993805 -0.438575 -3043.130131 0.000000 0.000000 0.000000 0.000000 0.000000
90.006279 30.000046 -0.143585 -3043.130131 0.000000 0.000000 0.000000 0.000000 0.000000
60.006271 29.999962 -0.038574 -3043.130131 0.000000 0.000000 0.000000 0.000000 0.000000
30.006279 29.999985 -0.083578 -3043.130131 0.000000 0.000000 0.000000 0.000000 0.000000
0.006279 30.000031 -0.181052 -3043.130131 0.000000 0.000000 0.000000 0.000000 0.000000
0.000122 59.993935 -0.303561 -3043.130131 0.000000 0.000000 0.000000 0.000000 0.000000
29.993889 60.000046 -0.378517 -3043.130131 0.000000 0.000000 0.000000 0.000000 0.000000
59.993881 60.000023 -0.463549 -3043.130131 0.000000 0.000000 0.000000 0.000000 0.000000
89.993847 60.000095 -0.668592 -3043.130131 0.000000 0.000000 0.000000 0.000000 0.000000
120.006279 59.999985 -0.973647 -3043.130131 0.000000 0.000000 0.000000 0.000000 0.000000
120.000063 89.993830 -1.248565 -3043.130131 0.000000 0.000000 0.000000 0.000000 0.000000
90.006241 90.000099 -0.981047 -3043.130131 0.000000 0.000000 0.000000 0.000000 0.000000
60.006329 90.000034 -0.741035 -3043.130131 0.000000 0.000000 0.000000 0.000000 0.000000
30.006264 90.000031 -0.548528 -3043.130131 0.000000 0.000000 0.000000 0.000000 0.000000
0.000034 90.006245 -0.408526 -3043.130131 0.000000 0.000000 0.000000 0.000000 0.000000
0.000057 119.993816 -0.498610 -3043.130131 0.000000 0.000000 0.000000 0.000000 0.000000
29.993855 120.000019 -0.693518 -3043.130131 0.000000 0.000000 0.000000 0.000000 0.000000
59.993912 119.999992 -0.871025 -3043.130131 0.000000 0.000000 0.000000 0.000000 0.000000
89.993879 120.000036 -1.136068 -3043.130131 0.000000 0.000000 0.000000 0.000000 0.000000
119.993944 120.000010 -1.381064 -3043.130131 0.000000 0.000000 0.000000 0.000000 0.000000