-0.000080 0.000059 0.025933 0.000000 0.000000 0.000000 0.000000 0.000000 0.000000
39.993950 0.006350 -0.049080 0.000000 0.000000 0.000000 0.000000 0.000000 0.000000
80.000207 0.000043 -0.129105 0.000000 0.000000 0.000000 0.000000 0.000000 0.000000
119.987766 0.000021 -0.254069 0.000000 0.000000 0.000000 0.000000 0.000000 0.000000
159.993887 -0.006165 -0.321577 0.000000 0.000000 0.000000 0.000000 0.000000 0.000000
199.993900 0.006269 -0.406607 0.000000 0.000000 0.000000 0.000000 0.000000 0.000000
239.987774 -0.000048 -0.451620 0.000000 0.000000 0.000000 0.000000 0.000000 0.000000
240.006344 39.993887 -0.379061 0.000000 0.000000 0.000000 0.000000 0.000000 0.000000
200.006094 39.993801 -0.289056 0.000000 0.000000 0.000000 0.000000 0.000000 0.000000
160.012489 40.000132 -0.206618 0.000000 0.000000 0.000000 0.000000 0.000000 0.000000
120.012541 40.000004 -0.199187 0.000000 0.000000 0.000000 0.000000 0.000000 0.000000
80.012466 39.999933 -0.109063 0.000000 0.000000 0.000000 0.000000 0.000000 0.000000
40.000053 40.000032 -0.051626 0.000000 0.000000 0.000000 0.000000 0.000000 0.000000
0.012569 40.000044 -0.079106 0.000000 0.000000 0.000000 0.000000 0.000000 0.000000
0.000023 79.987680 -0.171585 0.000000 0.000000 0.000000 0.000000 0.000000 0.000000
39.993933 80.006310 -0.174064 0.000000 0.000000 0.000000 0.000000 0.000000 0.000000
79.993874 79.993769 -0.219068 0.000000 0.000000 0.000000 0.000000 0.000000 0.000000
119.994055 79.993801 -0.256602 0.000000 0.000000 0.000000 0.000000 0.000000 0.000000
159.987771 79.999978 -0.294064 0.000000 0.000000 0.000000 0.000000 0.000000 0.000000
199.987707 80.000057 -0.369142 0.000000 0.000000 0.000000 0.000000 0.000000 0.000000
240.000210 80.000128 -0.444086 0.000000 0.000000 0.000000 0.000000 0.000000 0.000000
240.000138 119.987611 -0.521568 0.000000 0.000000 0.000000 0.000000 0.000000 0.000000
200.006297 119.993796 -0.449133 0.000000 0.000000 0.000000 0.000000 0.000000 0.000000
160.006062 119.993864 -0.404179 0.000000 0.000000 0.000000 0.000000 0.000000 0.000000
120.006168 119.993788 -0.326555 0.000000 0.000000 0.000000 0.000000 0.000000 0.000000
79.999828 120.000044 -0.291653 0.000000 0.000000 0.000000 0.000000 0.000000 0.000000
40.012568 120.000042 -0.276660 0.000000 0.000000 0.000000 0.000000 0.000000 0.000000
-0.000050 120.000013 -0.294077 0.000000 0.000000 0.000000 0.000000 0.000000 0.000000
0.000061 159.987627 -0.296611 0.000000 0.000000 0.000000 0.000000 0.000000 0.000000
39.987740 160.000071 -0.324194 0.000000 0.000000 0.000000 0.000000 0.000000 0.000000
79.987747 160.000063 -0.364057 0.000000 0.000000 0.000000 0.000000 0.000000 0.000000
119.987694 159.999949 -0.431689 0.000000 0.000000 0.000000 0.000000 0.000000 0.000000
159.993992 160.006315 -0.486555 0.000000 0.000000 0.000000 0.000000 0.000000 0.000000
199.987604 160.000038 -0.521580 0.000000 0.000000 0.000000 0.000000 0.000000 0.000000
239.987625 160.000002 -0.604056 0.000000 0.000000 0.000000 0.000000 0.000000 0.000000
239.993784 199.993904 -0.671595 0.000000 0.000000 0.000000 0.000000 0.000000 0.000000
200.012463 200.000067 -0.571580 0.000000 0.000000 0.000000 0.000000 0.000000 0.000000
160.006317 200.006319 -0.524123 0.000000 0.000000 0.000000 0.000000 0.000000 0.000000
120.012535 200.000040 -0.489056 0.000000 0.000000 0.000000 0.000000 0.000000 0.000000
80.012535 200.000086 -0.404080 0.000000 0.000000 0.000000 0.000000 0.000000 0.000000
40.012470 199.999975 -0.359058 0.000000 0.000000 0.000000 0.000000 0.000000 0.000000
0.012459 200.000025 -0.334096 0.000000 0.000000 0.000000 0.000000 0.000000 0.000000
0.000225 240.000212 -0.356623 0.000000 0.000000 0.000000 0.000000 0.000000 0.000000
39.994026 240.006403 -0.376677 0.000000 0.000000 0.000000 0.000000 0.000000 0.000000
80.000282 239.999964 -0.411589 0.000000 0.000000 0.000000 0.000000 0.000000 0.000000
119.987617 240.000055 -0.526609 0.000000 0.000000 0.000000 0.000000 0.000000 0.000000
160.000267 239.999933 -0.611560 0.000000 0.000000 0.000000 0.000000 0.000000 0.000000
199.987686 240.000093 -0.646621 0.000000 0.000000 0.000000 0.000000 0.000000 0.000000
239.994007 240.006407 -0.756566 0.000000 0.000000 0.000000 0.000000 0.000000 0.000000
